%YAML:1.0
---
body_T_cam0: !!opencv-matrix
   rows: 4
   cols: 4
   dt: d
   data: [ 1.3589706820189118e-02, -2.6962980244664703e-03,
       9.9990402031670245e-01, 1.5991028030763186e+00,
       -9.9988588794643207e-01, 6.5617400372998125e-03,
       1.3607154487914497e-02, 2.3709120402050213e-01,
       -6.5977991873335529e-03, -9.9997483645572116e-01,
       -2.6068182210248203e-03, 2.3165967811772162e-01, 0., 0., 0., 1. ]
