%YAML:1.0
---
model_type: PINHOLE
camera_name: camera
image_width: 1280
image_height: 560
distortion_parameters:
   k1: 0
   k2: 0
   p1: 0
   p2: 0
projection_parameters:
   fx: 8.1573555182699999e+02
   fy: 8.1690138212270006e+02
   cx: 6.0551823756559997e+02
   cy: 2.5886424284880002e+02
