%YAML:1.0
---
model_type: PINHOLE
camera_name: camera
image_width: 1280
image_height: 560
distortion_parameters:
   k1: 0
   k2: 0
   p1: 0
   p2: 0
projection_parameters:
   fx: 8.1640221474060002e+02
   fy: 8.1738388562809996e+02
   cx: 6.0882658427579997e+02
   cy: 2.6668865652440002e+02
